[11, 27, 10, 19, 10, 13, 10, 2, 15, 23, 19, 3, 2, 3, 27, 20]
[9, 18, 3, 4, 24, 23, 9, 16, 9, 20, 10, 16, 1, 12, 2, 10]
[6, 0, 9, 0, 16, 0, 17, 0, 2, 0, 2, 0, 10, 0, 15, 0]
[2, 6, 22, 1, 24, 27, 7, 5, 15, 7, 4, 24, 13, 3, 9, 15]
[10, 0, 2, 0, 22, 0, 2, 0, 17, 0, 15, 0, 14, 0, 5, 0]
[1, 27, 10, 4, 10, 13, 6, 22, 4, 8, 5, 18, 4, 3, 6, 3]
[6, 0, 13, 0, 3, 0, 3, 0, 6, 0, 10, 0, 10, 0, 10, 0]
Solutions found for these numbers: 1
[11, 27, 10, 19, 10, 13, 10, 2, 15, 23, 19, 3, 2, 3, 27, 20]
[9, 6, 3, 18, 24, 16, 9, 13, 9, 15, 10, 3, 1, 4, 2, 10]
[6, 0, 9, 0, 16, 0, 17, 0, 2, 0, 2, 0, 10, 0, 15, 0]
[20, 6, 3, 1, 7, 27, 16, 5, 26, 7, 5, 24, 9, 3, 24, 15]
[10, 0, 2, 0, 22, 0, 2, 0, 17, 0, 15, 0, 14, 0, 5, 0]
[1, 2, 10, 6, 10, 27, 6, 22, 4, 7, 5, 17, 4, 16, 6, 3]
[6, 0, 13, 0, 3, 0, 3, 0, 6, 0, 10, 0, 10, 0, 10, 0]
Solutions found for these numbers: 1

[11, 27, 10, 19, 10, 13, 10, 2, 15, 23, 19, 3, 2, 3, 27, 20]
[9, 5, 3, 26, 24, 18, 9, 4, 9, 17, 10, 23, 1, 11, 2, 10]
[6, 0, 9, 0, 16, 0, 17, 0, 2, 0, 2, 0, 10, 0, 15, 0]
[24, 6, 7, 1, 17, 27, 20, 5, 24, 7, 15, 24, 22, 3, 16, 15]
[10, 0, 2, 0, 22, 0, 2, 0, 17, 0, 15, 0, 14, 0, 5, 0]
[1, 21, 10, 23, 10, 19, 6, 22, 4, 18, 5, 7, 4, 13, 6, 3]
[6, 0, 13, 0, 3, 0, 3, 0, 6, 0, 10, 0, 10, 0, 10, 0]
Solutions found for these numbers: 1

[11, 27, 10, 19, 10, 13, 10, 2, 15, 23, 19, 3, 2, 3, 27, 20]
[9, 2, 3, 3, 24, 13, 9, 19, 9, 9, 10, 26, 1, 25, 2, 10]
[6, 0, 9, 0, 16, 0, 17, 0, 2, 0, 2, 0, 10, 0, 15, 0]
[21, 6, 3, 1, 2, 27, 16, 5, 2, 7, 6, 24, 5, 3, 16, 15]
[10, 0, 2, 0, 22, 0, 2, 0, 17, 0, 15, 0, 14, 0, 5, 0]
[1, 3, 10, 25, 10, 19, 6, 14, 4, 27, 5, 26, 4, 2, 6, 3]
[6, 0, 13, 0, 3, 0, 3, 0, 6, 0, 10, 0, 10, 0, 10, 0]
Solutions found for these numbers: 1

[11, 27, 10, 19, 10, 13, 10, 2, 15, 23, 19, 3, 2, 3, 27, 20]
[9, 1, 3, 11, 24, 7, 9, 19, 9, 17, 10, 18, 1, 17, 2, 10]
[6, 0, 9, 0, 16, 0, 17, 0, 2, 0, 2, 0, 10, 0, 15, 0]
[2, 6, 21, 1, 12, 27, 1, 5, 22, 7, 5, 24, 10, 3, 15, 15]
[10, 0, 2, 0, 22, 0, 2, 0, 17, 0, 15, 0, 14, 0, 5, 0]
[1, 24, 10, 7, 10, 14, 6, 9, 4, 3, 5, 11, 4, 11, 6, 3]
[6, 0, 13, 0, 3, 0, 3, 0, 6, 0, 10, 0, 10, 0, 10, 0]
Solutions found for these numbers: 1

[11, 27, 10, 19, 10, 13, 10, 2, 15, 23, 19, 3, 2, 3, 27, 20]
[9, 24, 3, 24, 24, 6, 9, 10, 9, 3, 10, 25, 1, 13, 2, 10]
[6, 0, 9, 0, 16, 0, 17, 0, 2, 0, 2, 0, 10, 0, 15, 0]
[17, 6, 25, 1, 9, 27, 17, 5, 2, 7, 12, 24, 19, 3, 5, 15]
[10, 0, 2, 0, 22, 0, 2, 0, 17, 0, 15, 0, 14, 0, 5, 0]
[1, 2, 10, 16, 10, 21, 6, 14, 4, 14, 5, 3, 4, 26, 6, 3]
[6, 0, 13, 0, 3, 0, 3, 0, 6, 0, 10, 0, 10, 0, 10, 0]
Solutions found for these numbers: 1

[11, 27, 10, 19, 10, 13, 10, 2, 15, 23, 19, 3, 2, 3, 27, 20]
[9, 4, 3, 1, 24, 13, 9, 11, 9, 25, 10, 16, 1, 27, 2, 10]
[6, 0, 9, 0, 16, 0, 17, 0, 2, 0, 2, 0, 10, 0, 15, 0]
[9, 6, 7, 1, 13, 27, 23, 5, 12, 7, 16, 24, 1, 3, 3, 15]
[10, 0, 2, 0, 22, 0, 2, 0, 17, 0, 15, 0, 14, 0, 5, 0]
[1, 14, 10, 2, 10, 11, 6, 6, 4, 7, 5, 1, 4, 1, 6, 3]
[6, 0, 13, 0, 3, 0, 3, 0, 6, 0, 10, 0, 10, 0, 10, 0]
Solutions found for these numbers: 1

[11, 27, 10, 19, 10, 13, 10, 2, 15, 23, 19, 3, 2, 3, 27, 20]
[9, 18, 3, 8, 24, 8, 9, 22, 9, 27, 10, 12, 1, 17, 2, 10]
[6, 0, 9, 0, 16, 0, 17, 0, 2, 0, 2, 0, 10, 0, 15, 0]
[25, 6, 27, 1, 2, 27, 25, 5, 4, 7, 21, 24, 18, 3, 23, 15]
[10, 0, 2, 0, 22, 0, 2, 0, 17, 0, 15, 0, 14, 0, 5, 0]
[1, 21, 10, 5, 10, 5, 6, 1, 4, 6, 5, 7, 4, 13, 6, 3]
[6, 0, 13, 0, 3, 0, 3, 0, 6, 0, 10, 0, 10, 0, 10, 0]
Solutions found for these numbers: 1

[11, 27, 10, 19, 10, 13, 10, 2, 15, 23, 19, 3, 2, 3, 27, 20]
[9, 19, 3, 24, 24, 23, 9, 17, 9, 17, 10, 4, 1, 24, 2, 10]
[6, 0, 9, 0, 16, 0, 17, 0, 2, 0, 2, 0, 10, 0, 15, 0]
[6, 6, 20, 1, 8, 27, 3, 5, 4, 7, 9, 24, 4, 3, 27, 15]
[10, 0, 2, 0, 22, 0, 2, 0, 17, 0, 15, 0, 14, 0, 5, 0]
[1, 8, 10, 9, 10, 26, 6, 14, 4, 5, 5, 6, 4, 16, 6, 3]
[6, 0, 13, 0, 3, 0, 3, 0, 6, 0, 10, 0, 10, 0, 10, 0]
Solutions found for these numbers: 1

[11, 27, 10, 19, 10, 13, 10, 2, 15, 23, 19, 3, 2, 3, 27, 20]
[9, 12, 3, 4, 24, 16, 9, 20, 9, 18, 10, 8, 1, 9, 2, 10]
[6, 0, 9, 0, 16, 0, 17, 0, 2, 0, 2, 0, 10, 0, 15, 0]
[9, 6, 9, 1, 14, 27, 8, 5, 8, 7, 23, 24, 20, 3, 27, 15]
[10, 0, 2, 0, 22, 0, 2, 0, 17, 0, 15, 0, 14, 0, 5, 0]
[1, 24, 10, 8, 10, 10, 6, 26, 4, 3, 5, 3, 4, 26, 6, 3]
[6, 0, 13, 0, 3, 0, 3, 0, 6, 0, 10, 0, 10, 0, 10, 0]
Solutions found for these numbers: 1

[11, 27, 10, 19, 10, 13, 10, 2, 15, 23, 19, 3, 2, 3, 27, 20]
[9, 3, 3, 3, 24, 26, 9, 19, 9, 23, 10, 22, 1, 5, 2, 10]
[6, 0, 9, 0, 16, 0, 17, 0, 2, 0, 2, 0, 10, 0, 15, 0]
[27, 6, 26, 1, 6, 27, 16, 5, 3, 7, 13, 24, 20, 3, 16, 15]
[10, 0, 2, 0, 22, 0, 2, 0, 17, 0, 15, 0, 14, 0, 5, 0]
[1, 7, 10, 18, 10, 25, 6, 2, 4, 18, 5, 4, 4, 17, 6, 3]
[6, 0, 13, 0, 3, 0, 3, 0, 6, 0, 10, 0, 10, 0, 10, 0]
Solutions found for these numbers: 1

[11, 27, 10, 19, 10, 13, 10, 2, 15, 23, 19, 3, 2, 3, 27, 20]
[9, 23, 3, 4, 24, 11, 9, 18, 9, 4, 10, 16, 1, 27, 2, 10]
[6, 0, 9, 0, 16, 0, 17, 0, 2, 0, 2, 0, 10, 0, 15, 0]
[8, 6, 2, 1, 24, 27, 5, 5, 26, 7, 9, 24, 4, 3, 14, 15]
[10, 0, 2, 0, 22, 0, 2, 0, 17, 0, 15, 0, 14, 0, 5, 0]
[1, 27, 10, 22, 10, 9, 6, 17, 4, 17, 5, 4, 4, 5, 6, 3]
[6, 0, 13, 0, 3, 0, 3, 0, 6, 0, 10, 0, 10, 0, 10, 0]
Solutions found for these numbers: 1

[11, 27, 10, 19, 10, 13, 10, 2, 15, 23, 19, 3, 2, 3, 27, 20]
[9, 17, 3, 24, 24, 6, 9, 10, 9, 20, 10, 1, 1, 15, 2, 10]
[6, 0, 9, 0, 16, 0, 17, 0, 2, 0, 2, 0, 10, 0, 15, 0]
[21, 6, 13, 1, 20, 27, 21, 5, 21, 7, 17, 24, 18, 3, 8, 15]
[10, 0, 2, 0, 22, 0, 2, 0, 17, 0, 15, 0, 14, 0, 5, 0]
[1, 7, 10, 6, 10, 8, 6, 5, 4, 27, 5, 14, 4, 7, 6, 3]
[6, 0, 13, 0, 3, 0, 3, 0, 6, 0, 10, 0, 10, 0, 10, 0]
Solutions found for these numbers: 1

[11, 27, 10, 19, 10, 13, 10, 2, 15, 23, 19, 3, 2, 3, 27, 20]
[9, 15, 3, 18, 24, 4, 9, 5, 9, 2, 10, 1, 1, 9, 2, 10]
[6, 0, 9, 0, 16, 0, 17, 0, 2, 0, 2, 0, 10, 0, 15, 0]
[10, 6, 27, 1, 5, 27, 11, 5, 1, 7, 8, 24, 5, 3, 16, 15]
[10, 0, 2, 0, 22, 0, 2, 0, 17, 0, 15, 0, 14, 0, 5, 0]
[1, 2, 10, 14, 10, 1, 6, 10, 4, 26, 5, 18, 4, 12, 6, 3]
[6, 0, 13, 0, 3, 0, 3, 0, 6, 0, 10, 0, 10, 0, 10, 0]
Solutions found for these numbers: 1

[11, 27, 10, 19, 10, 13, 10, 2, 15, 23, 19, 3, 2, 3, 27, 20]
[9, 17, 3, 23, 24, 18, 9, 24, 9, 21, 10, 26, 1, 27, 2, 10]
[6, 0, 9, 0, 16, 0, 17, 0, 2, 0, 2, 0, 10, 0, 15, 0]
[9, 6, 13, 1, 25, 27, 23, 5, 7, 7, 11, 24, 26, 3, 19, 15]
[10, 0, 2, 0, 22, 0, 2, 0, 17, 0, 15, 0, 14, 0, 5, 0]
[1, 22, 10, 1, 10, 13, 6, 19, 4, 1, 5, 25, 4, 26, 6, 3]
[6, 0, 13, 0, 3, 0, 3, 0, 6, 0, 10, 0, 10, 0, 10, 0]
Solutions found for these numbers: 1

[11, 27, 10, 19, 10, 13, 10, 2, 15, 23, 19, 3, 2, 3, 27, 20]
[9, 1, 3, 10, 24, 18, 9, 25, 9, 26, 10, 23, 1, 17, 2, 10]
[6, 0, 9, 0, 16, 0, 17, 0, 2, 0, 2, 0, 10, 0, 15, 0]
[23, 6, 14, 1, 5, 27, 22, 5, 5, 7, 14, 24, 20, 3, 7, 15]
[10, 0, 2, 0, 22, 0, 2, 0, 17, 0, 15, 0, 14, 0, 5, 0]
[1, 6, 10, 11, 10, 4, 6, 6, 4, 14, 5, 27, 4, 11, 6, 3]
[6, 0, 13, 0, 3, 0, 3, 0, 6, 0, 10, 0, 10, 0, 10, 0]
Solutions found for these numbers: 1

[11, 27, 10, 19, 10, 13, 10, 2, 15, 23, 19, 3, 2, 3, 27, 20]
[9, 17, 3, 20, 24, 24, 9, 16, 9, 9, 10, 4, 1, 8, 2, 10]
[6, 0, 9, 0, 16, 0, 17, 0, 2, 0, 2, 0, 10, 0, 15, 0]
[14, 6, 13, 1, 12, 27, 18, 5, 16, 7, 22, 24, 23, 3, 23, 15]
[10, 0, 2, 0, 22, 0, 2, 0, 17, 0, 15, 0, 14, 0, 5, 0]
[1, 3, 10, 19, 10, 20, 6, 22, 4, 11, 5, 10, 4, 25, 6, 3]
[6, 0, 13, 0, 3, 0, 3, 0, 6, 0, 10, 0, 10, 0, 10, 0]
Solutions found for these numbers: 1

[11, 27, 10, 19, 10, 13, 10, 2, 15, 23, 19, 3, 2, 3, 27, 20]
[9, 4, 3, 16, 24, 23, 9, 6, 9, 1, 10, 19, 1, 26, 2, 10]
[6, 0, 9, 0, 16, 0, 17, 0, 2, 0, 2, 0, 10, 0, 15, 0]
[1, 6, 22, 1, 19, 27, 12, 5, 16, 7, 8, 24, 11, 3, 6, 15]
[10, 0, 2, 0, 22, 0, 2, 0, 17, 0, 15, 0, 14, 0, 5, 0]
[1, 11, 10, 21, 10, 14, 6, 13, 4, 8, 5, 7, 4, 7, 6, 3]
[6, 0, 13, 0, 3, 0, 3, 0, 6, 0, 10, 0, 10, 0, 10, 0]
Solutions found for these numbers: 1

[11, 27, 10, 19, 10, 13, 10, 2, 15, 23, 19, 3, 2, 3, 27, 20]
[9, 13, 3, 16, 24, 10, 9, 12, 9, 3, 10, 26, 1, 17, 2, 10]
[6, 0, 9, 0, 16, 0, 17, 0, 2, 0, 2, 0, 10, 0, 15, 0]
[22, 6, 7, 1, 13, 27, 4, 5, 18, 7, 15, 24, 23, 3, 5, 15]
[10, 0, 2, 0, 22, 0, 2, 0, 17, 0, 15, 0, 14, 0, 5, 0]
[1, 27, 10, 11, 10, 16, 6, 13, 4, 1, 5, 6, 4, 2, 6, 3]
[6, 0, 13, 0, 3, 0, 3, 0, 6, 0, 10, 0, 10, 0, 10, 0]
Solutions found for these numbers: 1

[11, 27, 10, 19, 10, 13, 10, 2, 15, 23, 19, 3, 2, 3, 27, 20]
[9, 24, 3, 23, 24, 13, 9, 6, 9, 22, 10, 1, 1, 1, 2, 10]
[6, 0, 9, 0, 16, 0, 17, 0, 2, 0, 2, 0, 10, 0, 15, 0]
[22, 6, 5, 1, 21, 27, 2, 5, 5, 7, 15, 24, 11, 3, 2, 15]
[10, 0, 2, 0, 22, 0, 2, 0, 17, 0, 15, 0, 14, 0, 5, 0]
[1, 14, 10, 8, 10, 25, 6, 8, 4, 15, 5, 22, 4, 5, 6, 3]
[6, 0, 13, 0, 3, 0, 3, 0, 6, 0, 10, 0, 10, 0, 10, 0]
Solutions found for these numbers: 1

[11, 27, 10, 19, 10, 13, 10, 2, 15, 23, 19, 3, 2, 3, 27, 20]
[9, 22, 3, 26, 24, 1, 9, 9, 9, 11, 10, 26, 1, 27, 2, 10]
[6, 0, 9, 0, 16, 0, 17, 0, 2, 0, 2, 0, 10, 0, 15, 0]
[3, 6, 11, 1, 16, 27, 1, 5, 27, 7, 3, 24, 26, 3, 14, 15]
[10, 0, 2, 0, 22, 0, 2, 0, 17, 0, 15, 0, 14, 0, 5, 0]
[1, 20, 10, 27, 10, 20, 6, 16, 4, 17, 5, 12, 4, 13, 6, 3]
[6, 0, 13, 0, 3, 0, 3, 0, 6, 0, 10, 0, 10, 0, 10, 0]
Solutions found for these numbers: 1

[11, 27, 10, 19, 10, 13, 10, 2, 15, 23, 19, 3, 2, 3, 27, 20]
[9, 6, 3, 10, 24, 2, 9, 13, 9, 14, 10, 7, 1, 9, 2, 10]
[6, 0, 9, 0, 16, 0, 17, 0, 2, 0, 2, 0, 10, 0, 15, 0]
[8, 6, 7, 1, 23, 27, 2, 5, 3, 7, 17, 24, 3, 3, 16, 15]
[10, 0, 2, 0, 22, 0, 2, 0, 17, 0, 15, 0, 14, 0, 5, 0]
[1, 27, 10, 10, 10, 5, 6, 20, 4, 15, 5, 3, 4, 24, 6, 3]
[6, 0, 13, 0, 3, 0, 3, 0, 6, 0, 10, 0, 10, 0, 10, 0]
Solutions found for these numbers: 1

[11, 27, 10, 19, 10, 13, 10, 2, 15, 23, 19, 3, 2, 3, 27, 20]
[9, 9, 3, 15, 24, 3, 9, 21, 9, 21, 10, 18, 1, 1, 2, 10]
[6, 0, 9, 0, 16, 0, 17, 0, 2, 0, 2, 0, 10, 0, 15, 0]
[23, 6, 1, 1, 6, 27, 7, 5, 12, 7, 16, 24, 5, 3, 27, 15]
[10, 0, 2, 0, 22, 0, 2, 0, 17, 0, 15, 0, 14, 0, 5, 0]
[1, 16, 10, 7, 10, 17, 6, 9, 4, 17, 5, 15, 4, 21, 6, 3]
[6, 0, 13, 0, 3, 0, 3, 0, 6, 0, 10, 0, 10, 0, 10, 0]
Solutions found for these numbers: 1

[11, 27, 10, 19, 10, 13, 10, 2, 15, 23, 19, 3, 2, 3, 27, 20]
[9, 25, 3, 1, 24, 23, 9, 14, 9, 17, 10, 17, 1, 24, 2, 10]
[6, 0, 9, 0, 16, 0, 17, 0, 2, 0, 2, 0, 10, 0, 15, 0]
[22, 6, 7, 1, 15, 27, 19, 5, 21, 7, 9, 24, 25, 3, 7, 15]
[10, 0, 2, 0, 22, 0, 2, 0, 17, 0, 15, 0, 14, 0, 5, 0]
[1, 8, 10, 9, 10, 21, 6, 8, 4, 2, 5, 21, 4, 19, 6, 3]
[6, 0, 13, 0, 3, 0, 3, 0, 6, 0, 10, 0, 10, 0, 10, 0]
Solutions found for these numbers: 1

[11, 27, 10, 19, 10, 13, 10, 2, 15, 23, 19, 3, 2, 3, 27, 20]
[9, 5, 3, 14, 24, 2, 9, 23, 9, 21, 10, 10, 1, 9, 2, 10]
[6, 0, 9, 0, 16, 0, 17, 0, 2, 0, 2, 0, 10, 0, 15, 0]
[2, 6, 24, 1, 27, 27, 17, 5, 23, 7, 4, 24, 16, 3, 20, 15]
[10, 0, 2, 0, 22, 0, 2, 0, 17, 0, 15, 0, 14, 0, 5, 0]
[1, 13, 10, 9, 10, 27, 6, 15, 4, 27, 5, 27, 4, 8, 6, 3]
[6, 0, 13, 0, 3, 0, 3, 0, 6, 0, 10, 0, 10, 0, 10, 0]
Solutions found for these numbers: 1

[11, 27, 10, 19, 10, 13, 10, 2, 15, 23, 19, 3, 2, 3, 27, 20]
[9, 17, 3, 20, 24, 13, 9, 8, 9, 19, 10, 2, 1, 13, 2, 10]
[6, 0, 9, 0, 16, 0, 17, 0, 2, 0, 2, 0, 10, 0, 15, 0]
[16, 6, 10, 1, 27, 27, 7, 5, 15, 7, 11, 24, 11, 3, 18, 15]
[10, 0, 2, 0, 22, 0, 2, 0, 17, 0, 15, 0, 14, 0, 5, 0]
[1, 22, 10, 26, 10, 7, 6, 21, 4, 16, 5, 13, 4, 1, 6, 3]
[6, 0, 13, 0, 3, 0, 3, 0, 6, 0, 10, 0, 10, 0, 10, 0]
Solutions found for these numbers: 1

[11, 27, 10, 19, 10, 13, 10, 2, 15, 23, 19, 3, 2, 3, 27, 20]
[9, 22, 3, 12, 24, 8, 9, 7, 9, 13, 10, 18, 1, 27, 2, 10]
[6, 0, 9, 0, 16, 0, 17, 0, 2, 0, 2, 0, 10, 0, 15, 0]
[23, 6, 21, 1, 2, 27, 8, 5, 5, 7, 16, 24, 2, 3, 1, 15]
[10, 0, 2, 0, 22, 0, 2, 0, 17, 0, 15, 0, 14, 0, 5, 0]
[1, 12, 10, 27, 10, 15, 6, 22, 4, 11, 5, 20, 4, 10, 6, 3]
[6, 0, 13, 0, 3, 0, 3, 0, 6, 0, 10, 0, 10, 0, 10, 0]
Solutions found for these numbers: 1

[11, 27, 10, 19, 10, 13, 10, 2, 15, 23, 19, 3, 2, 3, 27, 20]
[9, 23, 3, 21, 24, 6, 9, 3, 9, 25, 10, 5, 1, 3, 2, 10]
[6, 0, 9, 0, 16, 0, 17, 0, 2, 0, 2, 0, 10, 0, 15, 0]
[11, 6, 26, 1, 18, 27, 22, 5, 20, 7, 26, 24, 19, 3, 11, 15]
[10, 0, 2, 0, 22, 0, 2, 0, 17, 0, 15, 0, 14, 0, 5, 0]
[1, 2, 10, 15, 10, 18, 6, 6, 4, 6, 5, 1, 4, 19, 6, 3]
[6, 0, 13, 0, 3, 0, 3, 0, 6, 0, 10, 0, 10, 0, 10, 0]
Solutions found for these numbers: 1

[11, 27, 10, 19, 10, 13, 10, 2, 15, 23, 19, 3, 2, 3, 27, 20]
[9, 8, 3, 3, 24, 11, 9, 15, 9, 8, 10, 19, 1, 22, 2, 10]
[6, 0, 9, 0, 16, 0, 17, 0, 2, 0, 2, 0, 10, 0, 15, 0]
[24, 6, 7, 1, 23, 27, 17, 5, 11, 7, 6, 24, 17, 3, 6, 15]
[10, 0, 2, 0, 22, 0, 2, 0, 17, 0, 15, 0, 14, 0, 5, 0]
[1, 16, 10, 1, 10, 5, 6, 23, 4, 22, 5, 7, 4, 2, 6, 3]
[6, 0, 13, 0, 3, 0, 3, 0, 6, 0, 10, 0, 10, 0, 10, 0]
Solutions found for these numbers: 1

[11, 27, 10, 19, 10, 13, 10, 2, 15, 23, 19, 3, 2, 3, 27, 20]
[9, 8, 3, 24, 24, 15, 9, 21, 9, 15, 10, 25, 1, 1, 2, 10]
[6, 0, 9, 0, 16, 0, 17, 0, 2, 0, 2, 0, 10, 0, 15, 0]
[3, 6, 13, 1, 24, 27, 1, 5, 1, 7, 13, 24, 18, 3, 6, 15]
[10, 0, 2, 0, 22, 0, 2, 0, 17, 0, 15, 0, 14, 0, 5, 0]
[1, 18, 10, 16, 10, 5, 6, 10, 4, 7, 5, 11, 4, 27, 6, 3]
[6, 0, 13, 0, 3, 0, 3, 0, 6, 0, 10, 0, 10, 0, 10, 0]
Solutions found for these numbers: 1

[11, 27, 10, 19, 10, 13, 10, 2, 15, 23, 19, 3, 2, 3, 27, 20]
[9, 3, 3, 8, 24, 4, 9, 13, 9, 14, 10, 2, 1, 19, 2, 10]
[6, 0, 9, 0, 16, 0, 17, 0, 2, 0, 2, 0, 10, 0, 15, 0]
[5, 6, 7, 1, 1, 27, 15, 5, 22, 7, 9, 24, 20, 3, 14, 15]
[10, 0, 2, 0, 22, 0, 2, 0, 17, 0, 15, 0, 14, 0, 5, 0]
[1, 6, 10, 16, 10, 24, 6, 18, 4, 9, 5, 5, 4, 13, 6, 3]
[6, 0, 13, 0, 3, 0, 3, 0, 6, 0, 10, 0, 10, 0, 10, 0]
Solutions found for these numbers: 1

[11, 27, 10, 19, 10, 13, 10, 2, 15, 23, 19, 3, 2, 3, 27, 20]
[9, 4, 3, 23, 24, 7, 9, 17, 9, 11, 10, 27, 1, 14, 2, 10]
[6, 0, 9, 0, 16, 0, 17, 0, 2, 0, 2, 0, 10, 0, 15, 0]
[26, 6, 22, 1, 4, 27, 26, 5, 23, 7, 3, 24, 11, 3, 3, 15]
[10, 0, 2, 0, 22, 0, 2, 0, 17, 0, 15, 0, 14, 0, 5, 0]
[1, 20, 10, 15, 10, 4, 6, 8, 4, 16, 5, 6, 4, 22, 6, 3]
[6, 0, 13, 0, 3, 0, 3, 0, 6, 0, 10, 0, 10, 0, 10, 0]
Solutions found for these numbers: 1

[11, 27, 10, 19, 10, 13, 10, 2, 15, 23, 19, 3, 2, 3, 27, 20]
[9, 25, 3, 12, 24, 27, 9, 1, 9, 9, 10, 9, 1, 2, 2, 10]
[6, 0, 9, 0, 16, 0, 17, 0, 2, 0, 2, 0, 10, 0, 15, 0]
[18, 6, 17, 1, 19, 27, 20, 5, 14, 7, 11, 24, 19, 3, 20, 15]
[10, 0, 2, 0, 22, 0, 2, 0, 17, 0, 15, 0, 14, 0, 5, 0]
[1, 11, 10, 14, 10, 15, 6, 2, 4, 15, 5, 17, 4, 2, 6, 3]
[6, 0, 13, 0, 3, 0, 3, 0, 6, 0, 10, 0, 10, 0, 10, 0]
Solutions found for these numbers: 1

[11, 27, 10, 19, 10, 13, 10, 2, 15, 23, 19, 3, 2, 3, 27, 20]
[9, 12, 3, 5, 24, 19, 9, 24, 9, 5, 10, 1, 1, 7, 2, 10]
[6, 0, 9, 0, 16, 0, 17, 0, 2, 0, 2, 0, 10, 0, 15, 0]
[21, 6, 2, 1, 1, 27, 3, 5, 17, 7, 17, 24, 22, 3, 5, 15]
[10, 0, 2, 0, 22, 0, 2, 0, 17, 0, 15, 0, 14, 0, 5, 0]
[1, 25, 10, 4, 10, 20, 6, 1, 4, 23, 5, 8, 4, 4, 6, 3]
[6, 0, 13, 0, 3, 0, 3, 0, 6, 0, 10, 0, 10, 0, 10, 0]
Solutions found for these numbers: 1

[11, 27, 10, 19, 10, 13, 10, 2, 15, 23, 19, 3, 2, 3, 27, 20]
[9, 27, 3, 20, 24, 14, 9, 15, 9, 12, 10, 21, 1, 11, 2, 10]
[6, 0, 9, 0, 16, 0, 17, 0, 2, 0, 2, 0, 10, 0, 15, 0]
[5, 6, 26, 1, 9, 27, 13, 5, 3, 7, 1, 24, 18, 3, 13, 15]
[10, 0, 2, 0, 22, 0, 2, 0, 17, 0, 15, 0, 14, 0, 5, 0]
[1, 7, 10, 1, 10, 3, 6, 14, 4, 25, 5, 1, 4, 9, 6, 3]
[6, 0, 13, 0, 3, 0, 3, 0, 6, 0, 10, 0, 10, 0, 10, 0]
Solutions found for these numbers: 1

[11, 27, 10, 19, 10, 13, 10, 2, 15, 23, 19, 3, 2, 3, 27, 20]
[9, 22, 3, 23, 24, 22, 9, 16, 9, 22, 10, 1, 1, 17, 2, 10]
[6, 0, 9, 0, 16, 0, 17, 0, 2, 0, 2, 0, 10, 0, 15, 0]
[27, 6, 1, 1, 17, 27, 2, 5, 16, 7, 19, 24, 16, 3, 5, 15]
[10, 0, 2, 0, 22, 0, 2, 0, 17, 0, 15, 0, 14, 0, 5, 0]
[1, 18, 10, 14, 10, 25, 6, 26, 4, 22, 5, 17, 4, 10, 6, 3]
[6, 0, 13, 0, 3, 0, 3, 0, 6, 0, 10, 0, 10, 0, 10, 0]
Solutions found for these numbers: 1

[11, 27, 10, 19, 10, 13, 10, 2, 15, 23, 19, 3, 2, 3, 27, 20]
[9, 5, 3, 5, 24, 4, 9, 8, 9, 17, 10, 17, 1, 23, 2, 10]
[6, 0, 9, 0, 16, 0, 17, 0, 2, 0, 2, 0, 10, 0, 15, 0]
[24, 6, 21, 1, 16, 27, 15, 5, 6, 7, 10, 24, 15, 3, 1, 15]
[10, 0, 2, 0, 22, 0, 2, 0, 17, 0, 15, 0, 14, 0, 5, 0]
[1, 15, 10, 22, 10, 3, 6, 13, 4, 12, 5, 7, 4, 20, 6, 3]
[6, 0, 13, 0, 3, 0, 3, 0, 6, 0, 10, 0, 10, 0, 10, 0]
Solutions found for these numbers: 1

[11, 27, 10, 19, 10, 13, 10, 2, 15, 23, 19, 3, 2, 3, 27, 20]
[9, 13, 3, 2, 24, 21, 9, 25, 9, 10, 10, 22, 1, 3, 2, 10]
[6, 0, 9, 0, 16, 0, 17, 0, 2, 0, 2, 0, 10, 0, 15, 0]
[4, 6, 7, 1, 17, 27, 10, 5, 15, 7, 26, 24, 11, 3, 4, 15]
[10, 0, 2, 0, 22, 0, 2, 0, 17, 0, 15, 0, 14, 0, 5, 0]
[1, 10, 10, 22, 10, 5, 6, 4, 4, 9, 5, 25, 4, 9, 6, 3]
[6, 0, 13, 0, 3, 0, 3, 0, 6, 0, 10, 0, 10, 0, 10, 0]
Solutions found for these numbers: 1

[11, 27, 10, 19, 10, 13, 10, 2, 15, 23, 19, 3, 2, 3, 27, 20]
[9, 1, 3, 27, 24, 11, 9, 5, 9, 13, 10, 22, 1, 9, 2, 10]
[6, 0, 9, 0, 16, 0, 17, 0, 2, 0, 2, 0, 10, 0, 15, 0]
[6, 6, 16, 1, 20, 27, 14, 5, 4, 7, 24, 24, 12, 3, 18, 15]
[10, 0, 2, 0, 22, 0, 2, 0, 17, 0, 15, 0, 14, 0, 5, 0]
[1, 8, 10, 5, 10, 12, 6, 25, 4, 1, 5, 8, 4, 12, 6, 3]
[6, 0, 13, 0, 3, 0, 3, 0, 6, 0, 10, 0, 10, 0, 10, 0]
Solutions found for these numbers: 1

[11, 27, 10, 19, 10, 13, 10, 2, 15, 23, 19, 3, 2, 3, 27, 20]
[9, 18, 3, 16, 24, 12, 9, 11, 9, 1, 10, 21, 1, 22, 2, 10]
[6, 0, 9, 0, 16, 0, 17, 0, 2, 0, 2, 0, 10, 0, 15, 0]
[8, 6, 22, 1, 16, 27, 2, 5, 16, 7, 17, 24, 6, 3, 16, 15]
[10, 0, 2, 0, 22, 0, 2, 0, 17, 0, 15, 0, 14, 0, 5, 0]
[1, 13, 10, 20, 10, 6, 6, 21, 4, 17, 5, 17, 4, 11, 6, 3]
[6, 0, 13, 0, 3, 0, 3, 0, 6, 0, 10, 0, 10, 0, 10, 0]
Solutions found for these numbers: 1

[11, 27, 10, 19, 10, 13, 10, 2, 15, 23, 19, 3, 2, 3, 27, 20]
[9, 10, 3, 26, 24, 24, 9, 1, 9, 27, 10, 2, 1, 1, 2, 10]
[6, 0, 9, 0, 16, 0, 17, 0, 2, 0, 2, 0, 10, 0, 15, 0]
[25, 6, 5, 1, 7, 27, 5, 5, 2, 7, 11, 24, 24, 3, 13, 15]
[10, 0, 2, 0, 22, 0, 2, 0, 17, 0, 15, 0, 14, 0, 5, 0]
[1, 4, 10, 14, 10, 9, 6, 19, 4, 22, 5, 20, 4, 14, 6, 3]
[6, 0, 13, 0, 3, 0, 3, 0, 6, 0, 10, 0, 10, 0, 10, 0]
Solutions found for these numbers: 1

[11, 27, 10, 19, 10, 13, 10, 2, 15, 23, 19, 3, 2, 3, 27, 20]
[9, 8, 3, 23, 24, 15, 9, 20, 9, 9, 10, 18, 1, 14, 2, 10]
[6, 0, 9, 0, 16, 0, 17, 0, 2, 0, 2, 0, 10, 0, 15, 0]
[24, 6, 15, 1, 8, 27, 5, 5, 23, 7, 3, 24, 25, 3, 17, 15]
[10, 0, 2, 0, 22, 0, 2, 0, 17, 0, 15, 0, 14, 0, 5, 0]
[1, 1, 10, 12, 10, 25, 6, 25, 4, 7, 5, 7, 4, 3, 6, 3]
[6, 0, 13, 0, 3, 0, 3, 0, 6, 0, 10, 0, 10, 0, 10, 0]
Solutions found for these numbers: 1

[11, 27, 10, 19, 10, 13, 10, 2, 15, 23, 19, 3, 2, 3, 27, 20]
[9, 14, 3, 21, 24, 18, 9, 1, 9, 21, 10, 9, 1, 10, 2, 10]
[6, 0, 9, 0, 16, 0, 17, 0, 2, 0, 2, 0, 10, 0, 15, 0]
[26, 6, 7, 1, 6, 27, 24, 5, 17, 7, 11, 24, 13, 3, 7, 15]
[10, 0, 2, 0, 22, 0, 2, 0, 17, 0, 15, 0, 14, 0, 5, 0]
[1, 4, 10, 10, 10, 17, 6, 21, 4, 2, 5, 15, 4, 6, 6, 3]
[6, 0, 13, 0, 3, 0, 3, 0, 6, 0, 10, 0, 10, 0, 10, 0]
Solutions found for these numbers: 1

[11, 27, 10, 19, 10, 13, 10, 2, 15, 23, 19, 3, 2, 3, 27, 20]
[9, 8, 3, 27, 24, 8, 9, 26, 9, 19, 10, 10, 1, 10, 2, 10]
[6, 0, 9, 0, 16, 0, 17, 0, 2, 0, 2, 0, 10, 0, 15, 0]
[6, 6, 12, 1, 17, 27, 17, 5, 7, 7, 14, 24, 3, 3, 19, 15]
[10, 0, 2, 0, 22, 0, 2, 0, 17, 0, 15, 0, 14, 0, 5, 0]
[1, 16, 10, 1, 10, 10, 6, 3, 4, 22, 5, 25, 4, 10, 6, 3]
[6, 0, 13, 0, 3, 0, 3, 0, 6, 0, 10, 0, 10, 0, 10, 0]
Solutions found for these numbers: 1

[11, 27, 10, 19, 10, 13, 10, 2, 15, 23, 19, 3, 2, 3, 27, 20]
[9, 13, 3, 24, 24, 26, 9, 10, 9, 9, 10, 7, 1, 9, 2, 10]
[6, 0, 9, 0, 16, 0, 17, 0, 2, 0, 2, 0, 10, 0, 15, 0]
[2, 6, 8, 1, 10, 27, 24, 5, 20, 7, 24, 24, 2, 3, 23, 15]
[10, 0, 2, 0, 22, 0, 2, 0, 17, 0, 15, 0, 14, 0, 5, 0]
[1, 23, 10, 5, 10, 21, 6, 21, 4, 10, 5, 17, 4, 8, 6, 3]
[6, 0, 13, 0, 3, 0, 3, 0, 6, 0, 10, 0, 10, 0, 10, 0]
Solutions found for these numbers: 1

[11, 27, 10, 19, 10, 13, 10, 2, 15, 23, 19, 3, 2, 3, 27, 20]
[9, 20, 3, 24, 24, 18, 9, 24, 9, 22, 10, 15, 1, 18, 2, 10]
[6, 0, 9, 0, 16, 0, 17, 0, 2, 0, 2, 0, 10, 0, 15, 0]
[4, 6, 21, 1, 18, 27, 14, 5, 19, 7, 12, 24, 6, 3, 21, 15]
[10, 0, 2, 0, 22, 0, 2, 0, 17, 0, 15, 0, 14, 0, 5, 0]
[1, 14, 10, 19, 10, 8, 6, 9, 4, 12, 5, 11, 4, 1, 6, 3]
[6, 0, 13, 0, 3, 0, 3, 0, 6, 0, 10, 0, 10, 0, 10, 0]
Solutions found for these numbers: 1

[11, 27, 10, 19, 10, 13, 10, 2, 15, 23, 19, 3, 2, 3, 27, 20]
[9, 2, 3, 25, 24, 3, 9, 12, 9, 22, 10, 1, 1, 16, 2, 10]
[6, 0, 9, 0, 16, 0, 17, 0, 2, 0, 2, 0, 10, 0, 15, 0]
[17, 6, 13, 1, 10, 27, 2, 5, 22, 7, 7, 24, 1, 3, 27, 15]
[10, 0, 2, 0, 22, 0, 2, 0, 17, 0, 15, 0, 14, 0, 5, 0]
[1, 19, 10, 24, 10, 11, 6, 3, 4, 23, 5, 6, 4, 19, 6, 3]
[6, 0, 13, 0, 3, 0, 3, 0, 6, 0, 10, 0, 10, 0, 10, 0]
Solutions found for these numbers: 1

[11, 27, 10, 19, 10, 13, 10, 2, 15, 23, 19, 3, 2, 3, 27, 20]
[9, 21, 3, 23, 24, 27, 9, 11, 9, 19, 10, 12, 1, 4, 2, 10]
[6, 0, 9, 0, 16, 0, 17, 0, 2, 0, 2, 0, 10, 0, 15, 0]
[18, 6, 26, 1, 16, 27, 8, 5, 11, 7, 2, 24, 5, 3, 1, 15]
[10, 0, 2, 0, 22, 0, 2, 0, 17, 0, 15, 0, 14, 0, 5, 0]
[1, 27, 10, 21, 10, 12, 6, 26, 4, 16, 5, 18, 4, 1, 6, 3]
[6, 0, 13, 0, 3, 0, 3, 0, 6, 0, 10, 0, 10, 0, 10, 0]
Solutions found for these numbers: 1

[11, 27, 10, 19, 10, 13, 10, 2, 15, 23, 19, 3, 2, 3, 27, 20]
[9, 20, 3, 2, 24, 5, 9, 23, 9, 11, 10, 2, 1, 12, 2, 10]
[6, 0, 9, 0, 16, 0, 17, 0, 2, 0, 2, 0, 10, 0, 15, 0]
[21, 6, 4, 1, 18, 27, 1, 5, 11, 7, 17, 24, 5, 3, 7, 15]
[10, 0, 2, 0, 22, 0, 2, 0, 17, 0, 15, 0, 14, 0, 5, 0]
[1, 10, 10, 17, 10, 7, 6, 21, 4, 15, 5, 19, 4, 27, 6, 3]
[6, 0, 13, 0, 3, 0, 3, 0, 6, 0, 10, 0, 10, 0, 10, 0]
Solutions found for these numbers: 1

[11, 27, 10, 19, 10, 13, 10, 2, 15, 23, 19, 3, 2, 3, 27, 20]
[9, 17, 3, 19, 24, 16, 9, 16, 9, 18, 10, 25, 1, 23, 2, 10]
[6, 0, 9, 0, 16, 0, 17, 0, 2, 0, 2, 0, 10, 0, 15, 0]
[4, 6, 7, 1, 24, 27, 8, 5, 26, 7, 16, 24, 18, 3, 7, 15]
[10, 0, 2, 0, 22, 0, 2, 0, 17, 0, 15, 0, 14, 0, 5, 0]
[1, 13, 10, 14, 10, 16, 6, 20, 4, 26, 5, 5, 4, 4, 6, 3]
[6, 0, 13, 0, 3, 0, 3, 0, 6, 0, 10, 0, 10, 0, 10, 0]
Solutions found for these numbers: 1

[11, 27, 10, 19, 10, 13, 10, 2, 15, 23, 19, 3, 2, 3, 27, 20]
[9, 6, 3, 19, 24, 19, 9, 16, 9, 10, 10, 15, 1, 12, 2, 10]
[6, 0, 9, 0, 16, 0, 17, 0, 2, 0, 2, 0, 10, 0, 15, 0]
[1, 6, 10, 1, 9, 27, 27, 5, 3, 7, 18, 24, 11, 3, 11, 15]
[10, 0, 2, 0, 22, 0, 2, 0, 17, 0, 15, 0, 14, 0, 5, 0]
[1, 11, 10, 17, 10, 8, 6, 18, 4, 21, 5, 23, 4, 22, 6, 3]
[6, 0, 13, 0, 3, 0, 3, 0, 6, 0, 10, 0, 10, 0, 10, 0]
Solutions found for these numbers: 1

[11, 27, 10, 19, 10, 13, 10, 2, 15, 23, 19, 3, 2, 3, 27, 20]
[9, 19, 3, 14, 24, 21, 9, 25, 9, 27, 10, 17, 1, 9, 2, 10]
[6, 0, 9, 0, 16, 0, 17, 0, 2, 0, 2, 0, 10, 0, 15, 0]
[6, 6, 4, 1, 20, 27, 12, 5, 10, 7, 2, 24, 21, 3, 14, 15]
[10, 0, 2, 0, 22, 0, 2, 0, 17, 0, 15, 0, 14, 0, 5, 0]
[1, 25, 10, 15, 10, 14, 6, 26, 4, 27, 5, 19, 4, 20, 6, 3]
[6, 0, 13, 0, 3, 0, 3, 0, 6, 0, 10, 0, 10, 0, 10, 0]
Solutions found for these numbers: 1

[11, 27, 10, 19, 10, 13, 10, 2, 15, 23, 19, 3, 2, 3, 27, 20]
[9, 8, 3, 27, 24, 26, 9, 5, 9, 27, 10, 12, 1, 19, 2, 10]
[6, 0, 9, 0, 16, 0, 17, 0, 2, 0, 2, 0, 10, 0, 15, 0]
[9, 6, 25, 1, 24, 27, 22, 5, 13, 7, 19, 24, 26, 3, 7, 15]
[10, 0, 2, 0, 22, 0, 2, 0, 17, 0, 15, 0, 14, 0, 5, 0]
[1, 24, 10, 26, 10, 27, 6, 6, 4, 8, 5, 15, 4, 11, 6, 3]
[6, 0, 13, 0, 3, 0, 3, 0, 6, 0, 10, 0, 10, 0, 10, 0]
Solutions found for these numbers: 1

[11, 27, 10, 19, 10, 13, 10, 2, 15, 23, 19, 3, 2, 3, 27, 20]
[9, 1, 3, 11, 24, 27, 9, 17, 9, 12, 10, 4, 1, 4, 2, 10]
[6, 0, 9, 0, 16, 0, 17, 0, 2, 0, 2, 0, 10, 0, 15, 0]
[1, 6, 15, 1, 14, 27, 9, 5, 22, 7, 1, 24, 17, 3, 12, 15]
[10, 0, 2, 0, 22, 0, 2, 0, 17, 0, 15, 0, 14, 0, 5, 0]
[1, 1, 10, 21, 10, 11, 6, 6, 4, 2, 5, 6, 4, 20, 6, 3]
[6, 0, 13, 0, 3, 0, 3, 0, 6, 0, 10, 0, 10, 0, 10, 0]
Solutions found for these numbers: 1

[11, 27, 10, 19, 10, 13, 10, 2, 15, 23, 19, 3, 2, 3, 27, 20]
[9, 22, 3, 13, 24, 16, 9, 7, 9, 27, 10, 12, 1, 21, 2, 10]
[6, 0, 9, 0, 16, 0, 17, 0, 2, 0, 2, 0, 10, 0, 15, 0]
[13, 6, 9, 1, 2, 27, 5, 5, 6, 7, 15, 24, 19, 3, 8, 15]
[10, 0, 2, 0, 22, 0, 2, 0, 17, 0, 15, 0, 14, 0, 5, 0]
[1, 23, 10, 27, 10, 4, 6, 17, 4, 7, 5, 19, 4, 21, 6, 3]
[6, 0, 13, 0, 3, 0, 3, 0, 6, 0, 10, 0, 10, 0, 10, 0]
Solutions found for these numbers: 1

[11, 27, 10, 19, 10, 13, 10, 2, 15, 23, 19, 3, 2, 3, 27, 20]
[9, 14, 3, 21, 24, 2, 9, 11, 9, 25, 10, 8, 1, 26, 2, 10]
[6, 0, 9, 0, 16, 0, 17, 0, 2, 0, 2, 0, 10, 0, 15, 0]
[3, 6, 8, 1, 25, 27, 21, 5, 7, 7, 26, 24, 14, 3, 12, 15]
[10, 0, 2, 0, 22, 0, 2, 0, 17, 0, 15, 0, 14, 0, 5, 0]
[1, 18, 10, 4, 10, 27, 6, 18, 4, 25, 5, 12, 4, 1, 6, 3]
[6, 0, 13, 0, 3, 0, 3, 0, 6, 0, 10, 0, 10, 0, 10, 0]
Solutions found for these numbers: 1

[11, 27, 10, 19, 10, 13, 10, 2, 15, 23, 19, 3, 2, 3, 27, 20]
[9, 15, 3, 7, 24, 2, 9, 16, 9, 1, 10, 12, 1, 23, 2, 10]
[6, 0, 9, 0, 16, 0, 17, 0, 2, 0, 2, 0, 10, 0, 15, 0]
[22, 6, 4, 1, 2, 27, 10, 5, 5, 7, 9, 24, 9, 3, 10, 15]
[10, 0, 2, 0, 22, 0, 2, 0, 17, 0, 15, 0, 14, 0, 5, 0]
[1, 22, 10, 13, 10, 21, 6, 18, 4, 7, 5, 10, 4, 25, 6, 3]
[6, 0, 13, 0, 3, 0, 3, 0, 6, 0, 10, 0, 10, 0, 10, 0]
Solutions found for these numbers: 1

[11, 27, 10, 19, 10, 13, 10, 2, 15, 23, 19, 3, 2, 3, 27, 20]
[9, 27, 3, 12, 24, 22, 9, 8, 9, 22, 10, 20, 1, 5, 2, 10]
[6, 0, 9, 0, 16, 0, 17, 0, 2, 0, 2, 0, 10, 0, 15, 0]
[5, 6, 9, 1, 1, 27, 11, 5, 18, 7, 12, 24, 6, 3, 19, 15]
[10, 0, 2, 0, 22, 0, 2, 0, 17, 0, 15, 0, 14, 0, 5, 0]
[1, 9, 10, 3, 10, 4, 6, 8, 4, 24, 5, 27, 4, 19, 6, 3]
[6, 0, 13, 0, 3, 0, 3, 0, 6, 0, 10, 0, 10, 0, 10, 0]
Solutions found for these numbers: 1

[11, 27, 10, 19, 10, 13, 10, 2, 15, 23, 19, 3, 2, 3, 27, 20]
[9, 20, 3, 27, 24, 20, 9, 20, 9, 19, 10, 2, 1, 12, 2, 10]
[6, 0, 9, 0, 16, 0, 17, 0, 2, 0, 2, 0, 10, 0, 15, 0]
[8, 6, 7, 1, 26, 27, 26, 5, 1, 7, 17, 24, 11, 3, 9, 15]
[10, 0, 2, 0, 22, 0, 2, 0, 17, 0, 15, 0, 14, 0, 5, 0]
[1, 16, 10, 19, 10, 3, 6, 10, 4, 15, 5, 25, 4, 13, 6, 3]
[6, 0, 13, 0, 3, 0, 3, 0, 6, 0, 10, 0, 10, 0, 10, 0]
Solutions found for these numbers: 1

[11, 27, 10, 19, 10, 13, 10, 2, 15, 23, 19, 3, 2, 3, 27, 20]
[9, 27, 3, 6, 24, 4, 9, 3, 9, 22, 10, 16, 1, 10, 2, 10]
[6, 0, 9, 0, 16, 0, 17, 0, 2, 0, 2, 0, 10, 0, 15, 0]
[12, 6, 7, 1, 11, 27, 6, 5, 7, 7, 20, 24, 15, 3, 1, 15]
[10, 0, 2, 0, 22, 0, 2, 0, 17, 0, 15, 0, 14, 0, 5, 0]
[1, 8, 10, 9, 10, 17, 6, 22, 4, 3, 5, 19, 4, 3, 6, 3]
[6, 0, 13, 0, 3, 0, 3, 0, 6, 0, 10, 0, 10, 0, 10, 0]
Solutions found for these numbers: 1

[11, 27, 10, 19, 10, 13, 10, 2, 15, 23, 19, 3, 2, 3, 27, 20]
[9, 7, 3, 8, 24, 15, 9, 19, 9, 3, 10, 14, 1, 4, 2, 10]
[6, 0, 9, 0, 16, 0, 17, 0, 2, 0, 2, 0, 10, 0, 15, 0]
[8, 6, 25, 1, 19, 27, 16, 5, 13, 7, 11, 24, 5, 3, 20, 15]
[10, 0, 2, 0, 22, 0, 2, 0, 17, 0, 15, 0, 14, 0, 5, 0]
[1, 21, 10, 13, 10, 20, 6, 4, 4, 21, 5, 4, 4, 27, 6, 3]
[6, 0, 13, 0, 3, 0, 3, 0, 6, 0, 10, 0, 10, 0, 10, 0]
Solutions found for these numbers: 1

